,campaign,campaign_size,total_dataset_count,datasets_on_tape,datasets_not_on_tape
0,RunIISummer20UL18MiniAODv2,1937010576653907,17881,17420,461
1,RunIIAutumn18MiniAOD,1765960684436765,15043,14838,205
2,RunIIFall17MiniAODv2,1755538551483870,17171,17021,150
3,RunIISummer20UL17MiniAODv2,1542409412924829,16627,16186,441
4,RunIISummer20UL18MiniAOD,1101781194019679,3367,3345,22
5,RunIISummer16MiniAODv3,1011541845103804,25314,25186,128
6,RunIISummer20UL17MiniAOD,883905093052120,3315,3295,20
7,RunIISummer20UL16MiniAODv2,808019429299150,16579,16286,293
8,RunIISummer20UL16MiniAODAPVv2,735700053854243,15170,14994,176
9,RunIISummer16MiniAODv2,662852568331200,18255,18117,138
10,Run2018D-05May2019promptD-v1,642458545376894,5,5,0
11,Run2018D-UL2018_MiniAODv2-v1,597111130349395,19,17,2
12,RunIISummer20UL16MiniAOD,509919334113197,3298,3274,24
13,RunIISummer20UL16MiniAODAPV,444805461807943,3041,2994,47
14,Run2022F-PromptReco-v1,330138059157485,68,68,0
15,HIRun2018A-PbPb18_MiniAODv1-v1,223296483229525,28,28,0
16,Run3Summer21MiniAOD,209381472128320,225,219,6
17,Run3Winter22MiniAOD,146957265374897,231,221,10
18,Run2022C-PromptReco-v1,141415079691940,72,37,35
19,Run2018D-PromptReco-v2,133736254090284,62,60,2
